shape_id,shape_pt_lat,shape_pt_lon,shape_pt_sequence,shape_dist_traveled
zenbus:Route:658110002:LOC,45.888427,-73.758003,0,0
zenbus:Route:658110002:LOC,45.88842,-73.758003,1,1
zenbus:Route:658110002:LOC,45.887691,-73.75798,2,82
zenbus:Route:658110002:LOC,45.886569,-73.757911,3,207
zenbus:Route:658110002:LOC,45.880638,-73.757667,4,867
zenbus:Route:658110002:LOC,45.878963,-73.757606,5,1053
zenbus:Route:658110002:LOC,45.878074,-73.757568,6,1152
zenbus:Route:658110002:LOC,45.875766,-73.757453,7,1409
zenbus:Route:658110002:LOC,45.867565,-73.757118,8,2321
zenbus:Route:658110002:LOC,45.866762,-73.757095,9,2410
zenbus:Route:658110002:LOC,45.866753,-73.757095,10,2411
zenbus:Route:658110002:LOC,45.866749,-73.757096,11,2412
zenbus:Route:658110002:LOC,45.864313,-73.757143,12,2682
zenbus:Route:658110002:LOC,45.861875,-73.75717,13,2954
zenbus:Route:658110002:LOC,45.86187,-73.75717,14,2954
zenbus:Route:658110002:LOC,45.861486,-73.757167,15,2997
zenbus:Route:658110002:LOC,45.85933,-73.757121,16,3237
zenbus:Route:658110002:LOC,45.859326,-73.757121,17,3237
zenbus:Route:658110002:LOC,45.859325,-73.75712,18,3237
zenbus:Route:658110002:LOC,45.85932,-73.75712,19,3238
zenbus:Route:658110002:LOC,45.85933,-73.75712,20,3239
zenbus:Route:658110002:LOC,45.85932,-73.75712,21,3240
zenbus:Route:658110002:LOC,45.85933,-73.75712,22,3241
zenbus:Route:658110002:LOC,45.85932,-73.75712,23,3242
zenbus:Route:658110002:LOC,45.85933,-73.75712,24,3243
zenbus:Route:658110002:LOC,45.85932,-73.75712,25,3244
zenbus:Route:658110002:LOC,45.85933,-73.75712,26,3245
zenbus:Route:658110002:LOC,45.85932,-73.75712,27,3247
zenbus:Route:658110002:LOC,45.85933,-73.75712,28,3248
zenbus:Route:658110002:LOC,45.85932,-73.75712,29,3249
zenbus:Route:658110002:LOC,45.85891,-73.75711,30,3294
zenbus:Route:658110002:LOC,45.85682,-73.75712,31,3527
zenbus:Route:658110002:LOC,45.854893,-73.757155,32,3741
zenbus:Route:658110002:LOC,45.854893,-73.757156,33,3741
zenbus:Route:658110002:LOC,45.854891,-73.757157,34,3741
zenbus:Route:658110002:LOC,45.854889,-73.757158,35,3742
zenbus:Route:658110002:LOC,45.854887,-73.757158,36,3742
zenbus:Route:658110002:LOC,45.854887,-73.757159,37,3742
zenbus:Route:658110002:LOC,45.852282,-73.757181,38,4032
zenbus:Route:658110002:LOC,45.851599,-73.757205,39,4108
zenbus:Route:658110002:LOC,45.850984,-73.757246,40,4176
zenbus:Route:658110002:LOC,45.850845,-73.757254,41,4192
zenbus:Route:658110002:LOC,45.850839,-73.757255,42,4192
zenbus:Route:658110002:LOC,45.850831,-73.757257,43,4193
zenbus:Route:658110002:LOC,45.850787,-73.757258,44,4198
zenbus:Route:658110002:LOC,45.850385,-73.757268,45,4243
zenbus:Route:658110002:LOC,45.849875,-73.757293,46,4299
zenbus:Route:658110002:LOC,45.84941,-73.75731,47,4351
zenbus:Route:658110002:LOC,45.848409,-73.757327,48,4462
zenbus:Route:658110002:LOC,45.848019,-73.75734,49,4506
zenbus:Route:658110002:LOC,45.847652,-73.75735,50,4547
zenbus:Route:658110002:LOC,45.84763,-73.75735,51,4549
zenbus:Route:658110002:LOC,45.847624,-73.75735,52,4550
zenbus:Route:658110002:LOC,45.8454,-73.7574,53,4797
zenbus:Route:658110002:LOC,45.844415,-73.757405,54,4907
zenbus:Route:658110002:LOC,45.844402,-73.757517,55,4915
zenbus:Route:658110002:LOC,45.844369,-73.757593,56,4922
zenbus:Route:658110002:LOC,45.844322,-73.757647,57,4929
zenbus:Route:658110002:LOC,45.84426,-73.757669,58,4936
zenbus:Route:658110002:LOC,45.844211,-73.757674,59,4942
zenbus:Route:658110002:LOC,45.844136,-73.757677,60,4950
zenbus:Route:658110002:LOC,45.844117,-73.757677,61,4952
zenbus:Route:658110002:LOC,45.844116,-73.757676,62,4952
zenbus:Route:658110002:LOC,45.844114,-73.757676,63,4952
zenbus:Route:658110002:LOC,45.843896,-73.757679,64,4977
zenbus:Route:658110002:LOC,45.843841,-73.757648,65,4983
zenbus:Route:658110002:LOC,45.84379,-73.757529,66,4994
zenbus:Route:658110002:LOC,45.843772,-73.757416,67,5003
zenbus:Route:658110002:LOC,45.843201,-73.757438,68,5067
zenbus:Route:658110002:LOC,45.842631,-73.757455,69,5130
zenbus:Route:658110002:LOC,45.842077,-73.757481,70,5192
zenbus:Route:658110002:LOC,45.84152,-73.757496,71,5254
zenbus:Route:658110002:LOC,45.84069,-73.75759,72,5346
zenbus:Route:658110002:LOC,45.83918,-73.75785,73,5515
zenbus:Route:658110002:LOC,45.838743,-73.757918,74,5564
zenbus:Route:658110002:LOC,45.838739,-73.757918,75,5565
zenbus:Route:658110002:LOC,45.838725,-73.757923,76,5566
zenbus:Route:658110002:LOC,45.835142,-73.75851,77,5967
zenbus:Route:658110002:LOC,45.83514,-73.75851,78,5967
zenbus:Route:658110002:LOC,45.83514,-73.758506,79,5968
zenbus:Route:658110002:LOC,45.83237,-73.758941,80,6278
zenbus:Route:658110002:LOC,45.831241,-73.75904,81,6403
zenbus:Route:658110002:LOC,45.830158,-73.759201,82,6524
zenbus:Route:658110002:LOC,45.829756,-73.75923,83,6569
zenbus:Route:658110002:LOC,45.829761,-73.75923,84,6570
zenbus:Route:658110002:LOC,45.829756,-73.75923,85,6570
zenbus:Route:658110002:LOC,45.82975,-73.75921,86,6572
zenbus:Route:658110002:LOC,45.82687,-73.75968,87,6894
zenbus:Route:658110002:LOC,45.82687,-73.759697,88,6896
zenbus:Route:658110002:LOC,45.826869,-73.759704,89,6896
zenbus:Route:658110002:LOC,45.825725,-73.759887,90,7024
zenbus:Route:658110002:LOC,45.824588,-73.76007,91,7151
zenbus:Route:658110002:LOC,45.823608,-73.760261,92,7261
zenbus:Route:658110002:LOC,45.823299,-73.760307,93,7296
zenbus:Route:658110002:LOC,45.822418,-73.760452,94,7394
zenbus:Route:658110002:LOC,45.821769,-73.760558,95,7467
zenbus:Route:658110002:LOC,45.821765,-73.760559,96,7468
zenbus:Route:658110002:LOC,45.820911,-73.760704,97,7563
zenbus:Route:658110002:LOC,45.819801,-73.760856,98,7687
zenbus:Route:658110002:LOC,45.819652,-73.760887,99,7704
zenbus:Route:658110002:LOC,45.819263,-73.76094,100,7747
zenbus:Route:658110002:LOC,45.81887,-73.761001,101,7791
zenbus:Route:658110002:LOC,45.818389,-73.761085,102,7845
zenbus:Route:658110002:LOC,45.817359,-73.761253,103,7960
zenbus:Route:658110002:LOC,45.816738,-73.761373,104,8030
zenbus:Route:658110002:LOC,45.81673,-73.761374,105,8031
zenbus:Route:658110002:LOC,45.816733,-73.761374,106,8031
zenbus:Route:658110002:LOC,45.81673,-73.761374,107,8032
zenbus:Route:658110002:LOC,45.816681,-73.76138,108,8037
zenbus:Route:658110002:LOC,45.81482,-73.76168,109,8245
zenbus:Route:658110002:LOC,45.812961,-73.761982,110,8453
zenbus:Route:658110002:LOC,45.807855,-73.762808,111,9025
zenbus:Route:658110002:LOC,45.805297,-73.763226,112,9311
zenbus:Route:658110002:LOC,45.802733,-73.76364,113,9598
zenbus:Route:658110002:LOC,45.798419,-73.764329,114,10081
zenbus:Route:658110002:LOC,45.796259,-73.764677,115,10322
zenbus:Route:658110002:LOC,45.79411,-73.765021,116,10563
zenbus:Route:658110002:LOC,45.792734,-73.765261,117,10717
zenbus:Route:658110002:LOC,45.792425,-73.765363,118,10752
zenbus:Route:658110002:LOC,45.791875,-73.765582,119,10816
zenbus:Route:658110002:LOC,45.791639,-73.765696,120,10843
zenbus:Route:658110002:LOC,45.791305,-73.765876,121,10883
zenbus:Route:658110002:LOC,45.791098,-73.765584,122,10915
zenbus:Route:658110002:LOC,45.790922,-73.765328,123,10943
zenbus:Route:658110002:LOC,45.790456,-73.764629,124,11018
zenbus:Route:658110002:LOC,45.789836,-73.763699,125,11118
zenbus:Route:658110002:LOC,45.788998,-73.762431,126,11253
zenbus:Route:658110002:LOC,45.788888,-73.762266,127,11271
zenbus:Route:658110002:LOC,45.788887,-73.762263,128,11271
zenbus:Route:658110002:LOC,45.788868,-73.762236,129,11274
zenbus:Route:658110002:LOC,45.783834,-73.754684,130,12084
zenbus:Route:658110002:LOC,45.78131,-73.750909,131,12490
zenbus:Route:658110002:LOC,45.780049,-73.749022,132,12693
zenbus:Route:658110002:LOC,45.779415,-73.748074,133,12794
zenbus:Route:658110002:LOC,45.778784,-73.74713,134,12896
zenbus:Route:658110002:LOC,45.77821,-73.746278,135,12988
zenbus:Route:658110002:LOC,45.777625,-73.745398,136,13082
zenbus:Route:658110002:LOC,45.777044,-73.744529,137,13175
zenbus:Route:658110002:LOC,45.772474,-73.73765,138,13912
zenbus:Route:658110002:LOC,45.771501,-73.736196,139,14068
zenbus:Route:658110002:LOC,45.770339,-73.734469,140,14254
zenbus:Route:658110002:LOC,45.766754,-73.729049,141,14834
zenbus:Route:658110002:LOC,45.765937,-73.727835,142,14965
zenbus:Route:658110002:LOC,45.765127,-73.726636,143,15094
zenbus:Route:658110002:LOC,45.764032,-73.725004,144,15270
zenbus:Route:658110002:LOC,45.764538,-73.72473,145,15330
zenbus:Route:658110002:LOC,45.764971,-73.725441,146,15403
zenbus:Route:667790023:LOC,45.888427,-73.758003,0,0
zenbus:Route:667790023:LOC,45.88842,-73.758003,1,1
zenbus:Route:667790023:LOC,45.887691,-73.75798,2,82
zenbus:Route:667790023:LOC,45.886569,-73.757911,3,207
zenbus:Route:667790023:LOC,45.880638,-73.757667,4,867
zenbus:Route:667790023:LOC,45.878963,-73.757606,5,1053
zenbus:Route:667790023:LOC,45.878074,-73.757568,6,1152
zenbus:Route:667790023:LOC,45.875766,-73.757453,7,1409
zenbus:Route:667790023:LOC,45.867565,-73.757118,8,2321
zenbus:Route:667790023:LOC,45.866762,-73.757095,9,2410
zenbus:Route:667790023:LOC,45.866749,-73.757096,10,2412
zenbus:Route:667790023:LOC,45.864313,-73.757143,11,2682
zenbus:Route:667790023:LOC,45.861875,-73.75717,12,2954
zenbus:Route:667790023:LOC,45.86187,-73.75717,13,2954
zenbus:Route:667790023:LOC,45.861486,-73.757167,14,2997
zenbus:Route:667790023:LOC,45.85933,-73.757121,15,3237
zenbus:Route:667790023:LOC,45.85932,-73.75712,16,3238
zenbus:Route:667790023:LOC,45.85933,-73.75712,17,3239
zenbus:Route:667790023:LOC,45.85932,-73.75712,18,3240
zenbus:Route:667790023:LOC,45.85933,-73.75712,19,3241
zenbus:Route:667790023:LOC,45.85932,-73.75712,20,3242
zenbus:Route:667790023:LOC,45.85933,-73.75712,21,3243
zenbus:Route:667790023:LOC,45.85932,-73.75712,22,3244
zenbus:Route:667790023:LOC,45.85933,-73.75712,23,3245
zenbus:Route:667790023:LOC,45.85932,-73.75712,24,3247
zenbus:Route:667790023:LOC,45.85933,-73.75712,25,3248
zenbus:Route:667790023:LOC,45.85932,-73.75712,26,3249
zenbus:Route:667790023:LOC,45.85891,-73.75711,27,3294
zenbus:Route:667790023:LOC,45.85682,-73.75712,28,3527
zenbus:Route:667790023:LOC,45.854893,-73.757156,29,3741
zenbus:Route:667790023:LOC,45.854891,-73.757157,30,3741
zenbus:Route:667790023:LOC,45.854889,-73.757158,31,3742
zenbus:Route:667790023:LOC,45.854887,-73.757158,32,3742
zenbus:Route:667790023:LOC,45.854887,-73.757159,33,3742
zenbus:Route:667790023:LOC,45.852282,-73.757181,34,4032
zenbus:Route:667790023:LOC,45.851599,-73.757205,35,4107
zenbus:Route:667790023:LOC,45.850984,-73.757246,36,4176
zenbus:Route:667790023:LOC,45.850845,-73.757254,37,4191
zenbus:Route:667790023:LOC,45.850831,-73.757257,38,4193
zenbus:Route:667790023:LOC,45.850787,-73.757258,39,4198
zenbus:Route:667790023:LOC,45.850385,-73.757268,40,4243
zenbus:Route:667790023:LOC,45.849875,-73.757293,41,4299
zenbus:Route:667790023:LOC,45.84941,-73.75731,42,4351
zenbus:Route:667790023:LOC,45.848409,-73.757327,43,4462
zenbus:Route:667790023:LOC,45.848019,-73.75734,44,4506
zenbus:Route:667790023:LOC,45.847652,-73.75735,45,4547
zenbus:Route:667790023:LOC,45.847624,-73.75735,46,4550
zenbus:Route:667790023:LOC,45.8454,-73.7574,47,4797
zenbus:Route:667790023:LOC,45.844415,-73.757405,48,4907
zenbus:Route:667790023:LOC,45.844402,-73.757517,49,4915
zenbus:Route:667790023:LOC,45.844369,-73.757593,50,4922
zenbus:Route:667790023:LOC,45.844322,-73.757647,51,4929
zenbus:Route:667790023:LOC,45.84426,-73.757669,52,4936
zenbus:Route:667790023:LOC,45.844211,-73.757674,53,4942
zenbus:Route:667790023:LOC,45.844136,-73.757677,54,4950
zenbus:Route:667790023:LOC,45.844114,-73.757676,55,4952
zenbus:Route:667790023:LOC,45.843896,-73.757679,56,4977
zenbus:Route:667790023:LOC,45.843841,-73.757648,57,4983
zenbus:Route:667790023:LOC,45.84379,-73.757529,58,4994
zenbus:Route:667790023:LOC,45.843772,-73.757416,59,5003
zenbus:Route:667790023:LOC,45.843201,-73.757438,60,5066
zenbus:Route:667790023:LOC,45.842631,-73.757455,61,5130
zenbus:Route:667790023:LOC,45.842077,-73.757481,62,5191
zenbus:Route:667790023:LOC,45.84152,-73.757496,63,5253
zenbus:Route:667790023:LOC,45.84069,-73.75759,64,5346
zenbus:Route:667790023:LOC,45.83918,-73.75785,65,5515
zenbus:Route:667790023:LOC,45.838739,-73.757918,66,5564
zenbus:Route:667790023:LOC,45.838725,-73.757924,67,5566
zenbus:Route:667790023:LOC,45.835159,-73.758503,68,5965
zenbus:Route:667790023:LOC,45.83514,-73.758505,69,5967
zenbus:Route:667790023:LOC,45.83237,-73.758941,70,6277
zenbus:Route:667790023:LOC,45.831241,-73.75904,71,6403
zenbus:Route:667790023:LOC,45.830158,-73.759201,72,6524
zenbus:Route:667790023:LOC,45.829761,-73.75923,73,6568
zenbus:Route:667790023:LOC,45.829756,-73.75923,74,6569
zenbus:Route:667790023:LOC,45.82975,-73.75921,75,6570
zenbus:Route:667790023:LOC,45.82687,-73.75968,76,6893
zenbus:Route:667790023:LOC,45.82687,-73.759698,77,6894
zenbus:Route:667790023:LOC,45.82687,-73.759701,78,6894
zenbus:Route:667790023:LOC,45.826869,-73.759704,79,6895
zenbus:Route:667790023:LOC,45.825725,-73.759887,80,7023
zenbus:Route:667790023:LOC,45.824588,-73.76007,81,7150
zenbus:Route:667790023:LOC,45.823608,-73.760261,82,7260
zenbus:Route:667790023:LOC,45.823299,-73.760307,83,7294
zenbus:Route:667790023:LOC,45.822418,-73.760452,84,7393
zenbus:Route:667790023:LOC,45.821773,-73.760558,85,7465
zenbus:Route:667790023:LOC,45.821769,-73.760558,86,7466
zenbus:Route:667790023:LOC,45.821765,-73.760559,87,7466
zenbus:Route:667790023:LOC,45.820911,-73.760704,88,7562
zenbus:Route:667790023:LOC,45.819801,-73.760856,89,7686
zenbus:Route:667790023:LOC,45.819652,-73.760887,90,7702
zenbus:Route:667790023:LOC,45.819263,-73.76094,91,7746
zenbus:Route:667790023:LOC,45.81887,-73.761001,92,7790
zenbus:Route:667790023:LOC,45.818389,-73.761085,93,7844
zenbus:Route:667790023:LOC,45.817359,-73.761253,94,7959
zenbus:Route:667790023:LOC,45.816733,-73.761374,95,8029
zenbus:Route:667790023:LOC,45.81673,-73.761374,96,8029
zenbus:Route:667790023:LOC,45.816681,-73.76138,97,8035
zenbus:Route:667790023:LOC,45.81482,-73.76168,98,8243
zenbus:Route:667790023:LOC,45.812961,-73.761982,99,8451
zenbus:Route:667790023:LOC,45.807855,-73.762808,100,9023
zenbus:Route:667790023:LOC,45.805297,-73.763226,101,9309
zenbus:Route:667790023:LOC,45.802733,-73.76364,102,9596
zenbus:Route:667790023:LOC,45.798419,-73.764329,103,10078
zenbus:Route:667790023:LOC,45.796259,-73.764677,104,10320
zenbus:Route:667790023:LOC,45.79411,-73.765021,105,10561
zenbus:Route:667790023:LOC,45.792734,-73.765261,106,10715
zenbus:Route:667790023:LOC,45.792425,-73.765363,107,10750
zenbus:Route:667790023:LOC,45.791875,-73.765582,108,10813
zenbus:Route:667790023:LOC,45.791639,-73.765696,109,10841
zenbus:Route:667790023:LOC,45.791305,-73.765876,110,10881
zenbus:Route:667790023:LOC,45.791098,-73.765584,111,10913
zenbus:Route:667790023:LOC,45.790922,-73.765328,112,10941
zenbus:Route:667790023:LOC,45.790456,-73.764629,113,11016
zenbus:Route:667790023:LOC,45.789836,-73.763699,114,11116
zenbus:Route:667790023:LOC,45.788887,-73.762263,115,11269
zenbus:Route:667790023:LOC,45.788868,-73.762236,116,11272
zenbus:Route:667790023:LOC,45.783834,-73.754684,117,12082
zenbus:Route:667790023:LOC,45.78131,-73.750909,118,12488
zenbus:Route:667790023:LOC,45.780049,-73.749022,119,12690
zenbus:Route:667790023:LOC,45.779415,-73.748074,120,12792
zenbus:Route:667790023:LOC,45.778784,-73.74713,121,12894
zenbus:Route:667790023:LOC,45.77821,-73.746278,122,12985
zenbus:Route:667790023:LOC,45.777625,-73.745398,123,13080
zenbus:Route:667790023:LOC,45.777044,-73.744529,124,13173
zenbus:Route:667790023:LOC,45.772474,-73.73765,125,13910
zenbus:Route:667790023:LOC,45.771501,-73.736196,126,14066
zenbus:Route:667790023:LOC,45.770339,-73.734469,127,14252
zenbus:Route:667790023:LOC,45.766754,-73.729049,128,14832
zenbus:Route:667790023:LOC,45.765937,-73.727835,129,14962
zenbus:Route:667790023:LOC,45.765127,-73.726636,130,15092
zenbus:Route:667790023:LOC,45.764032,-73.725004,131,15268
zenbus:Route:667790023:LOC,45.764538,-73.72473,132,15328
zenbus:Route:667790023:LOC,45.764977,-73.725451,133,15402
zenbus:Route:667790023:LOC,45.764991,-73.725467,134,15404
zenbus:Route:667790023:LOC,45.765022,-73.725517,135,15409
zenbus:Route:667790023:LOC,45.765159,-73.725662,136,15428
zenbus:Route:667790023:LOC,45.765266,-73.725753,137,15442
zenbus:Route:667790023:LOC,45.76535,-73.725845,138,15454
zenbus:Route:667790023:LOC,45.765411,-73.725914,139,15462
zenbus:Route:667790023:LOC,45.765468,-73.725967,140,15470
zenbus:Route:667790023:LOC,45.765472,-73.726028,141,15475
zenbus:Route:667790023:LOC,45.765453,-73.726112,142,15481
zenbus:Route:667790023:LOC,45.765235,-73.72644,143,15517
zenbus:Route:667790023:LOC,45.765129,-73.726638,144,15536
zenbus:Route:667790023:LOC,45.764034,-73.725006,145,15712
zenbus:Route:667790023:LOC,45.757038,-73.714439,146,16842
zenbus:Route:667790023:LOC,45.755901,-73.712738,147,17024
zenbus:Route:667790023:LOC,45.755111,-73.711547,148,17152
zenbus:Route:667790023:LOC,45.75373,-73.709518,149,17372
zenbus:Route:667790023:LOC,45.751659,-73.706428,150,17704
zenbus:Route:667790023:LOC,45.749961,-73.703849,151,17979
zenbus:Route:667790023:LOC,45.749031,-73.702468,152,18128
zenbus:Route:667790023:LOC,45.74895,-73.702468,153,18137
zenbus:Route:667790023:LOC,45.748771,-73.702217,154,18165
zenbus:Route:667790023:LOC,45.74821,-73.70137,155,18256
zenbus:Route:667790023:LOC,45.747451,-73.700248,156,18377
zenbus:Route:667790023:LOC,45.74686,-73.699378,157,18471
zenbus:Route:667790023:LOC,45.746719,-73.699172,158,18494
zenbus:Route:667790023:LOC,45.746681,-73.699012,159,18507
zenbus:Route:667790023:LOC,45.74665,-73.698951,160,18513
zenbus:Route:667790023:LOC,45.746089,-73.69812,161,18602
zenbus:Route:667790023:LOC,45.745491,-73.697219,162,18699
zenbus:Route:667790023:LOC,45.74398,-73.694969,163,18941
zenbus:Route:667790023:LOC,45.743759,-73.694618,164,18978
zenbus:Route:667790023:LOC,45.743621,-73.694541,165,18994
zenbus:Route:667790023:LOC,45.743289,-73.69403,166,19048
zenbus:Route:667790023:LOC,45.742111,-73.692146,167,19245
zenbus:Route:667790023:LOC,45.741279,-73.690917,168,19378
zenbus:Route:667790023:LOC,45.74068,-73.690032,169,19473
zenbus:Route:667790023:LOC,45.739429,-73.688148,170,19675
zenbus:Route:667790023:LOC,45.73822,-73.686332,171,19870
zenbus:Route:667790023:LOC,45.736251,-73.683387,172,20186
zenbus:Route:667790023:LOC,45.735149,-73.681747,173,20363
zenbus:Route:667790023:LOC,45.734638,-73.681007,174,20444
zenbus:Route:667790023:LOC,45.733951,-73.680068,175,20549
zenbus:Route:667790023:LOC,45.732398,-73.677742,176,20799
zenbus:Route:667790023:LOC,45.731468,-73.676338,177,20949
zenbus:Route:667790023:LOC,45.7313,-73.676101,178,20976
zenbus:Route:667790023:LOC,45.73101,-73.675666,179,21022
zenbus:Route:667790023:LOC,45.730499,-73.676277,180,21096
zenbus:Route:667790023:LOC,45.730289,-73.676536,181,21127
zenbus:Route:667790023:LOC,45.730148,-73.676803,182,21153
zenbus:Route:667790023:LOC,45.730121,-73.676856,183,21158
zenbus:Route:667790023:LOC,45.729988,-73.677192,184,21188
zenbus:Route:667790023:LOC,45.729808,-73.677787,185,21239
zenbus:Route:667790023:LOC,45.729389,-73.678993,186,21343
zenbus:Route:667790023:LOC,45.729148,-73.679557,187,21395
zenbus:Route:667790023:LOC,45.728698,-73.680496,188,21483
zenbus:Route:667790023:LOC,45.728359,-73.681327,189,21558
zenbus:Route:667790023:LOC,45.727329,-73.684143,190,21804
zenbus:Route:667790023:LOC,45.726951,-73.685096,191,21889
zenbus:Route:667790023:LOC,45.726669,-73.685722,192,21947
zenbus:Route:667790023:LOC,45.72607,-73.686912,193,22061
zenbus:Route:667790023:LOC,45.72536,-73.688262,194,22192
zenbus:Route:667790023:LOC,45.724681,-73.68959,195,22320
zenbus:Route:667790023:LOC,45.724521,-73.689949,196,22353
zenbus:Route:667790023:LOC,45.7243,-73.690528,197,22404
zenbus:Route:667790023:LOC,45.724201,-73.690887,198,22434
zenbus:Route:667790023:LOC,45.724151,-73.691223,199,22461
zenbus:Route:667790023:LOC,45.72414,-73.691596,200,22490
zenbus:Route:667790023:LOC,45.724159,-73.692039,201,22525
zenbus:Route:667790023:LOC,45.72443,-73.69419,202,22694
zenbus:Route:667790023:LOC,45.7248,-73.697189,203,22931
zenbus:Route:667790023:LOC,45.724838,-73.697792,204,22978
zenbus:Route:667790023:LOC,45.724838,-73.698226,205,23011
zenbus:Route:667790023:LOC,45.724739,-73.699317,206,23097
zenbus:Route:667790023:LOC,45.724628,-73.699851,207,23140
zenbus:Route:667790023:LOC,45.724529,-73.70021,208,23170
zenbus:Route:667790023:LOC,45.724288,-73.700897,209,23230
zenbus:Route:667790023:LOC,45.72367,-73.702133,210,23348
zenbus:Route:667790023:LOC,45.72356,-73.702468,211,23376
zenbus:Route:667790023:LOC,45.723049,-73.703506,212,23475
zenbus:Route:667790023:LOC,45.722869,-73.703796,213,23505
zenbus:Route:667790023:LOC,45.722389,-73.704742,214,23596
zenbus:Route:667790023:LOC,45.722011,-73.705459,215,23666
zenbus:Route:667790023:LOC,45.721824,-73.705818,216,23700
zenbus:Route:667790023:LOC,45.721786,-73.705894,217,23708
zenbus:Route:658100034:LOC,45.888427,-73.758003,0,0
zenbus:Route:658100034:LOC,45.88842,-73.758003,1,1
zenbus:Route:658100034:LOC,45.887691,-73.75798,2,82
zenbus:Route:658100034:LOC,45.886569,-73.757911,3,207
zenbus:Route:658100034:LOC,45.880638,-73.757667,4,867
zenbus:Route:658100034:LOC,45.878963,-73.757606,5,1053
zenbus:Route:658100034:LOC,45.878074,-73.757568,6,1152
zenbus:Route:658100034:LOC,45.875766,-73.757453,7,1409
zenbus:Route:658100034:LOC,45.867565,-73.757118,8,2321
zenbus:Route:658100034:LOC,45.866762,-73.757095,9,2410
zenbus:Route:658100034:LOC,45.866753,-73.757095,10,2411
zenbus:Route:658100034:LOC,45.866749,-73.757096,11,2412
zenbus:Route:658100034:LOC,45.864313,-73.757143,12,2682
zenbus:Route:658100034:LOC,45.861875,-73.75717,13,2954
zenbus:Route:658100034:LOC,45.86187,-73.75717,14,2954
zenbus:Route:658100034:LOC,45.861486,-73.757167,15,2997
zenbus:Route:658100034:LOC,45.85933,-73.757121,16,3237
zenbus:Route:658100034:LOC,45.859326,-73.757121,17,3237
zenbus:Route:658100034:LOC,45.859325,-73.75712,18,3237
zenbus:Route:658100034:LOC,45.85932,-73.75712,19,3238
zenbus:Route:658100034:LOC,45.85933,-73.75712,20,3239
zenbus:Route:658100034:LOC,45.85932,-73.75712,21,3240
zenbus:Route:658100034:LOC,45.85933,-73.75712,22,3241
zenbus:Route:658100034:LOC,45.85932,-73.75712,23,3242
zenbus:Route:658100034:LOC,45.85933,-73.75712,24,3243
zenbus:Route:658100034:LOC,45.85932,-73.75712,25,3244
zenbus:Route:658100034:LOC,45.85933,-73.75712,26,3245
zenbus:Route:658100034:LOC,45.85932,-73.75712,27,3247
zenbus:Route:658100034:LOC,45.85933,-73.75712,28,3248
zenbus:Route:658100034:LOC,45.85932,-73.75712,29,3249
zenbus:Route:658100034:LOC,45.85891,-73.75711,30,3294
zenbus:Route:658100034:LOC,45.85682,-73.75712,31,3527
zenbus:Route:658100034:LOC,45.854893,-73.757155,32,3741
zenbus:Route:658100034:LOC,45.854893,-73.757156,33,3741
zenbus:Route:658100034:LOC,45.854891,-73.757157,34,3741
zenbus:Route:658100034:LOC,45.854889,-73.757158,35,3742
zenbus:Route:658100034:LOC,45.854887,-73.757158,36,3742
zenbus:Route:658100034:LOC,45.854887,-73.757159,37,3742
zenbus:Route:658100034:LOC,45.852282,-73.757181,38,4032
zenbus:Route:658100034:LOC,45.851599,-73.757205,39,4108
zenbus:Route:658100034:LOC,45.850984,-73.757246,40,4176
zenbus:Route:658100034:LOC,45.850845,-73.757254,41,4192
zenbus:Route:658100034:LOC,45.850839,-73.757255,42,4192
zenbus:Route:658100034:LOC,45.850831,-73.757257,43,4193
zenbus:Route:658100034:LOC,45.850787,-73.757258,44,4198
zenbus:Route:658100034:LOC,45.850385,-73.757268,45,4243
zenbus:Route:658100034:LOC,45.849875,-73.757293,46,4299
zenbus:Route:658100034:LOC,45.84941,-73.75731,47,4351
zenbus:Route:658100034:LOC,45.848409,-73.757327,48,4462
zenbus:Route:658100034:LOC,45.848019,-73.75734,49,4506
zenbus:Route:658100034:LOC,45.847652,-73.75735,50,4547
zenbus:Route:658100034:LOC,45.84763,-73.75735,51,4549
zenbus:Route:658100034:LOC,45.847624,-73.75735,52,4550
zenbus:Route:658100034:LOC,45.8454,-73.7574,53,4797
zenbus:Route:658100034:LOC,45.844415,-73.757405,54,4907
zenbus:Route:658100034:LOC,45.844402,-73.757517,55,4915
zenbus:Route:658100034:LOC,45.844369,-73.757593,56,4922
zenbus:Route:658100034:LOC,45.844322,-73.757647,57,4929
zenbus:Route:658100034:LOC,45.84426,-73.757669,58,4936
zenbus:Route:658100034:LOC,45.844211,-73.757674,59,4942
zenbus:Route:658100034:LOC,45.844136,-73.757677,60,4950
zenbus:Route:658100034:LOC,45.844117,-73.757677,61,4952
zenbus:Route:658100034:LOC,45.844116,-73.757676,62,4952
zenbus:Route:658100034:LOC,45.844114,-73.757676,63,4952
zenbus:Route:658100034:LOC,45.843896,-73.757679,64,4977
zenbus:Route:658100034:LOC,45.843841,-73.757648,65,4983
zenbus:Route:658100034:LOC,45.84379,-73.757529,66,4994
zenbus:Route:658100034:LOC,45.843772,-73.757416,67,5003
zenbus:Route:658100034:LOC,45.843201,-73.757438,68,5067
zenbus:Route:658100034:LOC,45.842631,-73.757455,69,5130
zenbus:Route:658100034:LOC,45.842077,-73.757481,70,5192
zenbus:Route:658100034:LOC,45.84152,-73.757496,71,5254
zenbus:Route:658100034:LOC,45.84069,-73.75759,72,5346
zenbus:Route:658100034:LOC,45.83918,-73.75785,73,5515
zenbus:Route:658100034:LOC,45.838743,-73.757918,74,5564
zenbus:Route:658100034:LOC,45.838739,-73.757918,75,5565
zenbus:Route:658100034:LOC,45.838725,-73.757923,76,5566
zenbus:Route:658100034:LOC,45.835142,-73.75851,77,5967
zenbus:Route:658100034:LOC,45.83514,-73.75851,78,5967
zenbus:Route:658100034:LOC,45.83514,-73.758506,79,5968
zenbus:Route:658100034:LOC,45.83237,-73.758941,80,6278
zenbus:Route:658100034:LOC,45.831241,-73.75904,81,6403
zenbus:Route:658100034:LOC,45.830158,-73.759201,82,6524
zenbus:Route:658100034:LOC,45.829756,-73.75923,83,6569
zenbus:Route:658100034:LOC,45.829761,-73.75923,84,6570
zenbus:Route:658100034:LOC,45.829756,-73.75923,85,6570
zenbus:Route:658100034:LOC,45.82975,-73.75921,86,6572
zenbus:Route:658100034:LOC,45.82687,-73.75968,87,6894
zenbus:Route:658100034:LOC,45.82687,-73.759697,88,6896
zenbus:Route:658100034:LOC,45.826869,-73.759704,89,6896
zenbus:Route:658100034:LOC,45.825725,-73.759887,90,7024
zenbus:Route:658100034:LOC,45.824588,-73.76007,91,7151
zenbus:Route:658100034:LOC,45.823608,-73.760261,92,7261
zenbus:Route:658100034:LOC,45.823299,-73.760307,93,7296
zenbus:Route:658100034:LOC,45.822418,-73.760452,94,7394
zenbus:Route:658100034:LOC,45.821769,-73.760558,95,7467
zenbus:Route:658100034:LOC,45.821765,-73.760559,96,7468
zenbus:Route:658100034:LOC,45.820911,-73.760704,97,7563
zenbus:Route:658100034:LOC,45.819801,-73.760856,98,7687
zenbus:Route:658100034:LOC,45.819652,-73.760887,99,7704
zenbus:Route:658100034:LOC,45.819263,-73.76094,100,7747
zenbus:Route:658100034:LOC,45.81887,-73.761001,101,7791
zenbus:Route:658100034:LOC,45.818389,-73.761085,102,7845
zenbus:Route:658100034:LOC,45.817359,-73.761253,103,7960
zenbus:Route:658100034:LOC,45.816738,-73.761373,104,8030
zenbus:Route:658100034:LOC,45.81673,-73.761374,105,8031
zenbus:Route:658100034:LOC,45.816733,-73.761374,106,8031
zenbus:Route:658100034:LOC,45.81673,-73.761374,107,8032
zenbus:Route:658100034:LOC,45.816681,-73.76138,108,8037
zenbus:Route:658100034:LOC,45.81482,-73.76168,109,8245
zenbus:Route:658100034:LOC,45.812961,-73.761982,110,8453
zenbus:Route:658100034:LOC,45.807855,-73.762808,111,9025
zenbus:Route:658100034:LOC,45.805297,-73.763226,112,9311
zenbus:Route:658100034:LOC,45.802733,-73.76364,113,9598
zenbus:Route:658100034:LOC,45.798419,-73.764329,114,10081
zenbus:Route:658100034:LOC,45.796259,-73.764677,115,10322
zenbus:Route:658100034:LOC,45.79411,-73.765021,116,10563
zenbus:Route:658100034:LOC,45.792734,-73.765261,117,10717
zenbus:Route:658100034:LOC,45.792425,-73.765363,118,10752
zenbus:Route:658100034:LOC,45.791875,-73.765582,119,10816
zenbus:Route:658100034:LOC,45.791639,-73.765696,120,10843
zenbus:Route:658100034:LOC,45.791305,-73.765876,121,10883
zenbus:Route:658100034:LOC,45.791098,-73.765584,122,10915
zenbus:Route:658100034:LOC,45.790922,-73.765328,123,10943
zenbus:Route:658100034:LOC,45.790456,-73.764629,124,11018
zenbus:Route:658100034:LOC,45.789836,-73.763699,125,11118
zenbus:Route:658100034:LOC,45.788998,-73.762431,126,11253
zenbus:Route:658100034:LOC,45.788893,-73.762276,127,11270
zenbus:Route:658100034:LOC,45.788875,-73.762251,128,11273
zenbus:Route:658100034:LOC,45.778781,-73.74713,129,12896
zenbus:Route:658100034:LOC,45.778206,-73.746274,130,12988
zenbus:Route:658100034:LOC,45.777026,-73.744501,131,13178
zenbus:Route:658100034:LOC,45.773676,-73.739468,132,13718
zenbus:Route:658100034:LOC,45.77036,-73.73444,133,14254
zenbus:Route:658100034:LOC,45.766741,-73.729039,134,14835
zenbus:Route:658100034:LOC,45.764736,-73.726048,135,15157
zenbus:Route:658100034:LOC,45.764029,-73.724995,136,15271
zenbus:Route:658100034:LOC,45.763102,-73.723597,137,15420
zenbus:Route:658100034:LOC,45.761468,-73.721132,138,15684
zenbus:Route:658100034:LOC,45.758191,-73.716181,139,16213
zenbus:Route:658100034:LOC,45.75636,-73.71344,140,16508
zenbus:Route:658100034:LOC,45.75529,-73.71182,141,16681
zenbus:Route:658100034:LOC,45.75434,-73.71042,142,16832
zenbus:Route:658100034:LOC,45.75307,-73.70855,143,17035
zenbus:Route:658100034:LOC,45.75185,-73.70672,144,17231
zenbus:Route:658100034:LOC,45.75035,-73.70446,145,17473
zenbus:Route:658100034:LOC,45.74996,-73.70385,146,17537
zenbus:Route:658100034:LOC,45.74964,-73.7034,147,17587
zenbus:Route:658100034:LOC,45.74915,-73.70277,148,17660
zenbus:Route:658100034:LOC,45.74841,-73.70167,149,17779
zenbus:Route:658100034:LOC,45.74753,-73.70038,150,17919
zenbus:Route:658100034:LOC,45.74706,-73.69967,151,17995
zenbus:Route:658100034:LOC,45.74678,-73.69926,152,18039
zenbus:Route:658100034:LOC,45.74672,-73.69917,153,18049
zenbus:Route:658100034:LOC,45.74668,-73.69901,154,18062
zenbus:Route:658100034:LOC,45.74659,-73.69887,155,18077
zenbus:Route:658100034:LOC,45.74597,-73.69794,156,18177
zenbus:Route:658100034:LOC,45.74493,-73.69639,157,18344
zenbus:Route:658100034:LOC,45.74448,-73.69572,158,18416
zenbus:Route:658100034:LOC,45.74398,-73.69497,159,18496
zenbus:Route:658100034:LOC,45.74376,-73.69462,160,18533
zenbus:Route:658100034:LOC,45.74362,-73.69454,161,18550
zenbus:Route:658100034:LOC,45.74329,-73.69403,162,18604
zenbus:Route:658100034:LOC,45.74211,-73.69215,163,18800
zenbus:Route:658100034:LOC,45.74128,-73.69092,164,18933
zenbus:Route:658100034:LOC,45.74068,-73.69003,165,19029
zenbus:Route:658100034:LOC,45.74026,-73.68943,166,19095
zenbus:Route:658100034:LOC,45.73986,-73.6888,167,19161
zenbus:Route:658100034:LOC,45.73885,-73.68728,168,19324
zenbus:Route:658100034:LOC,45.73836,-73.68653,169,19403
zenbus:Route:658100034:LOC,45.73698,-73.68448,170,19624
zenbus:Route:658100034:LOC,45.73648,-73.68373,171,19705
zenbus:Route:658100034:LOC,45.73625,-73.68339,172,19742
zenbus:Route:658100034:LOC,45.736149,-73.683244,173,19758
zenbus:Route:658100034:LOC,45.735401,-73.682122,174,19878
zenbus:Route:658100034:LOC,45.734895,-73.681381,175,19958
zenbus:Route:658100034:LOC,45.7346,-73.680959,176,20005
zenbus:Route:658100034:LOC,45.734027,-73.680175,177,20093
zenbus:Route:658100034:LOC,45.731046,-73.67572,178,20572
zenbus:Route:658100034:LOC,45.731009,-73.675675,179,20577
zenbus:Route:658100034:LOC,45.730299,-73.676524,180,20680
zenbus:Route:658100034:LOC,45.730123,-73.676853,181,20712
zenbus:Route:658100034:LOC,45.729991,-73.677186,182,20742
zenbus:Route:658100034:LOC,45.729824,-73.677736,183,20789
zenbus:Route:658100034:LOC,45.729543,-73.678558,184,20860
zenbus:Route:658100034:LOC,45.729381,-73.679005,185,20899
zenbus:Route:658100034:LOC,45.7291,-73.679657,186,20958
zenbus:Route:658100034:LOC,45.728682,-73.680546,187,21041
zenbus:Route:658100034:LOC,45.728361,-73.681312,188,21111
zenbus:Route:658100034:LOC,45.727782,-73.682904,189,21250
zenbus:Route:658100034:LOC,45.727382,-73.684014,190,21347
zenbus:Route:658100034:LOC,45.726941,-73.685119,191,21446
zenbus:Route:658100034:LOC,45.726648,-73.685753,192,21505
zenbus:Route:658100034:LOC,45.726329,-73.686398,193,21566
zenbus:Route:658100034:LOC,45.725599,-73.687801,194,21702
zenbus:Route:658100034:LOC,45.724697,-73.689556,195,21871
zenbus:Route:658100034:LOC,45.724509,-73.689984,196,21910
zenbus:Route:658100034:LOC,45.724303,-73.690498,197,21956
zenbus:Route:658100034:LOC,45.724201,-73.690887,198,21989
zenbus:Route:658100034:LOC,45.724151,-73.69122,199,22015
zenbus:Route:658100034:LOC,45.724136,-73.691619,200,22046
zenbus:Route:658100034:LOC,45.724159,-73.691981,201,22074
zenbus:Route:658100034:LOC,45.724335,-73.693434,202,22189
zenbus:Route:658100034:LOC,45.724645,-73.695968,203,22389
zenbus:Route:658100034:LOC,45.724801,-73.697207,204,22486
zenbus:Route:658100034:LOC,45.724837,-73.697823,205,22534
zenbus:Route:658100034:LOC,45.724836,-73.698239,206,22567
zenbus:Route:658100034:LOC,45.724737,-73.699329,207,22652
zenbus:Route:658100034:LOC,45.724623,-73.699863,208,22695
zenbus:Route:658100034:LOC,45.724541,-73.700174,209,22721
zenbus:Route:658100034:LOC,45.72429,-73.700887,210,22783
zenbus:Route:658100034:LOC,45.723671,-73.702127,211,22901
zenbus:Route:658100034:LOC,45.723561,-73.702466,212,22930
zenbus:Route:658100034:LOC,45.7233,-73.702997,213,22981
zenbus:Route:658100034:LOC,45.723058,-73.703488,214,23027
zenbus:Route:658100034:LOC,45.722877,-73.703786,215,23058
zenbus:Route:658100034:LOC,45.722696,-73.704137,216,23092
zenbus:Route:658100034:LOC,45.722027,-73.705427,217,23217
zenbus:Route:658100034:LOC,45.721798,-73.705869,218,23259
zenbus:Route:602940001:LOC,45.764982,-73.725459,0,0
zenbus:Route:602940001:LOC,45.764983,-73.72546,1,0
zenbus:Route:602940001:LOC,45.764989,-73.725469,2,1
zenbus:Route:602940001:LOC,45.764983,-73.725459,3,2
zenbus:Route:602940001:LOC,45.764989,-73.725469,4,3
zenbus:Route:602940001:LOC,45.764983,-73.725459,5,4
zenbus:Route:602940001:LOC,45.764989,-73.725469,6,5
zenbus:Route:602940001:LOC,45.764983,-73.725459,7,6
zenbus:Route:602940001:LOC,45.764989,-73.725469,8,7
zenbus:Route:602940001:LOC,45.764983,-73.725459,9,8
zenbus:Route:602940001:LOC,45.764989,-73.725469,10,9
zenbus:Route:602940001:LOC,45.764983,-73.725459,11,10
zenbus:Route:602940001:LOC,45.764989,-73.725469,12,11
zenbus:Route:602940001:LOC,45.764983,-73.725459,13,12
zenbus:Route:602940001:LOC,45.764989,-73.725469,14,13
zenbus:Route:602940001:LOC,45.764983,-73.725459,15,14
zenbus:Route:602940001:LOC,45.764989,-73.725469,16,15
zenbus:Route:602940001:LOC,45.764983,-73.725459,17,16
zenbus:Route:602940001:LOC,45.764989,-73.725469,18,17
zenbus:Route:602940001:LOC,45.764983,-73.725459,19,18
zenbus:Route:602940001:LOC,45.764989,-73.725469,20,20
zenbus:Route:602940001:LOC,45.764983,-73.725459,21,21
zenbus:Route:602940001:LOC,45.764989,-73.725469,22,22
zenbus:Route:602940001:LOC,45.764983,-73.725459,23,23
zenbus:Route:602940001:LOC,45.764989,-73.725469,24,24
zenbus:Route:602940001:LOC,45.764983,-73.725459,25,25
zenbus:Route:602940001:LOC,45.764989,-73.725469,26,26
zenbus:Route:602940001:LOC,45.765029,-73.725525,27,32
zenbus:Route:602940001:LOC,45.765261,-73.725754,28,63
zenbus:Route:602940001:LOC,45.765465,-73.725967,29,91
zenbus:Route:602940001:LOC,45.76547,-73.726033,30,96
zenbus:Route:602940001:LOC,45.765454,-73.726104,31,102
zenbus:Route:602940001:LOC,45.765232,-73.726441,32,138
zenbus:Route:602940001:LOC,45.765161,-73.726583,33,152
zenbus:Route:602940001:LOC,45.765389,-73.726934,34,189
zenbus:Route:602940001:LOC,45.76614,-73.72807,35,310
zenbus:Route:602940001:LOC,45.76693,-73.72926,36,438
zenbus:Route:602940001:LOC,45.769907,-73.733735,37,917
zenbus:Route:602940001:LOC,45.770818,-73.735101,38,1064
zenbus:Route:602940001:LOC,45.771273,-73.735781,39,1137
zenbus:Route:602940001:LOC,45.771739,-73.736478,40,1212
zenbus:Route:602940001:LOC,45.772754,-73.738001,41,1375
zenbus:Route:602940001:LOC,45.773263,-73.738765,42,1457
zenbus:Route:602940001:LOC,45.773518,-73.739148,43,1498
zenbus:Route:602940001:LOC,45.773781,-73.739536,44,1540
zenbus:Route:602940001:LOC,45.77496,-73.741324,45,1731
zenbus:Route:602940001:LOC,45.775559,-73.742225,46,1828
zenbus:Route:602940001:LOC,45.776152,-73.743122,47,1923
zenbus:Route:602940001:LOC,45.776974,-73.744357,48,2056
zenbus:Route:602940001:LOC,45.777387,-73.744981,49,2123
zenbus:Route:602940001:LOC,45.777799,-73.745606,50,2189
zenbus:Route:602940001:LOC,45.77841,-73.746527,51,2288
zenbus:Route:602940001:LOC,45.779229,-73.747749,52,2419
zenbus:Route:602940001:LOC,45.782608,-73.752804,53,2962
zenbus:Route:602940001:LOC,45.785995,-73.757885,54,3507
zenbus:Route:602940001:LOC,45.788862,-73.762192,55,3969
zenbus:Route:602940001:LOC,45.788866,-73.762197,56,3970
zenbus:Route:602940001:LOC,45.788873,-73.762212,57,3971
zenbus:Route:602940001:LOC,45.788875,-73.762216,58,3971
zenbus:Route:602940001:LOC,45.788876,-73.762216,59,3972
zenbus:Route:602940001:LOC,45.788877,-73.762217,60,3972
zenbus:Route:602940001:LOC,45.788878,-73.762218,61,3972
zenbus:Route:602940001:LOC,45.788879,-73.762219,62,3972
zenbus:Route:602940001:LOC,45.78888,-73.76222,63,3972
zenbus:Route:602940001:LOC,45.79057,-73.76476,64,4244
zenbus:Route:602940001:LOC,45.79107,-73.76549,65,4324
zenbus:Route:602940001:LOC,45.79111,-73.76555,66,4330
zenbus:Route:602940001:LOC,45.79118,-73.76559,67,4338
zenbus:Route:602940001:LOC,45.79126,-73.76563,68,4348
zenbus:Route:602940001:LOC,45.79133,-73.76566,69,4356
zenbus:Route:602940001:LOC,45.79148,-73.76567,70,4373
zenbus:Route:602940001:LOC,45.79164,-73.76565,71,4391
zenbus:Route:602940001:LOC,45.79186,-73.76554,72,4416
zenbus:Route:602940001:LOC,45.79241,-73.76531,73,4480
zenbus:Route:602940001:LOC,45.79272,-73.76522,74,4515
zenbus:Route:602940001:LOC,45.7968,-73.76455,75,4972
zenbus:Route:602940001:LOC,45.80061,-73.76393,76,5398
zenbus:Route:602940001:LOC,45.81491,-73.76161,77,6999
zenbus:Route:602940001:LOC,45.816486,-73.76135,78,7175
zenbus:Route:602940001:LOC,45.816486,-73.761324,79,7177
zenbus:Route:602940001:LOC,45.816486,-73.761316,80,7178
zenbus:Route:602940001:LOC,45.816487,-73.761309,81,7178
zenbus:Route:602940001:LOC,45.816719,-73.76126,82,7204
zenbus:Route:602940001:LOC,45.818531,-73.761016,83,7407
zenbus:Route:602940001:LOC,45.818878,-73.76094,84,7446
zenbus:Route:602940001:LOC,45.819351,-73.760887,85,7498
zenbus:Route:602940001:LOC,45.81974,-73.760841,86,7542
zenbus:Route:602940001:LOC,45.820739,-73.760688,87,7653
zenbus:Route:602940001:LOC,45.82159,-73.76052,88,7749
zenbus:Route:602940001:LOC,45.821714,-73.760492,89,7763
zenbus:Route:602940001:LOC,45.821719,-73.76049,90,7764
zenbus:Route:602940001:LOC,45.82172,-73.76049,91,7764
zenbus:Route:602940001:LOC,45.822296,-73.760383,92,7828
zenbus:Route:602940001:LOC,45.822746,-73.760337,93,7878
zenbus:Route:602940001:LOC,45.823417,-73.760231,94,7953
zenbus:Route:602940001:LOC,45.824199,-73.760108,95,8041
zenbus:Route:602940001:LOC,45.826751,-73.759696,96,8326
zenbus:Route:602940001:LOC,45.826889,-73.759668,97,8342
zenbus:Route:602940001:LOC,45.826894,-73.759667,98,8343
zenbus:Route:602940001:LOC,45.826892,-73.759668,99,8343
zenbus:Route:602940001:LOC,45.826894,-73.759667,100,8343
zenbus:Route:602940001:LOC,45.82931,-73.75928,101,8613
zenbus:Route:602940001:LOC,45.82978,-73.7592,102,8666
zenbus:Route:602940001:LOC,45.829902,-73.7592,103,8680
zenbus:Route:602940001:LOC,45.829905,-73.759143,104,8684
zenbus:Route:602940001:LOC,45.829906,-73.759138,105,8684
zenbus:Route:602940001:LOC,45.829906,-73.759137,106,8684
zenbus:Route:602940001:LOC,45.829906,-73.759136,107,8685
zenbus:Route:602940001:LOC,45.829914,-73.759132,108,8685
zenbus:Route:602940001:LOC,45.830207,-73.759078,109,8718
zenbus:Route:602940001:LOC,45.831241,-73.759002,110,8833
zenbus:Route:602940001:LOC,45.832008,-73.758926,111,8919
zenbus:Route:602940001:LOC,45.832767,-73.758819,112,9004
zenbus:Route:602940001:LOC,45.834358,-73.758598,113,9181
zenbus:Route:602940001:LOC,45.835128,-73.758453,114,9268
zenbus:Route:602940001:LOC,45.835308,-73.758425,115,9288
zenbus:Route:602940001:LOC,45.835309,-73.758424,116,9288
zenbus:Route:602940001:LOC,45.835307,-73.758425,117,9288
zenbus:Route:602940001:LOC,45.835309,-73.758424,118,9289
zenbus:Route:602940001:LOC,45.838817,-73.757877,119,9681
zenbus:Route:602940001:LOC,45.83882,-73.757876,120,9681
zenbus:Route:602940001:LOC,45.838835,-73.75787,121,9683
zenbus:Route:602940001:LOC,45.838838,-73.75787,122,9683
zenbus:Route:602940001:LOC,45.840621,-73.757586,123,9883
zenbus:Route:602940001:LOC,45.84112,-73.75753,124,9938
zenbus:Route:602940001:LOC,45.841491,-73.757484,125,9980
zenbus:Route:602940001:LOC,45.84187,-73.75747,126,10022
zenbus:Route:602940001:LOC,45.843766,-73.757356,127,10233
zenbus:Route:602940001:LOC,45.843789,-73.757525,128,10246
zenbus:Route:602940001:LOC,45.843844,-73.757647,129,10258
zenbus:Route:602940001:LOC,45.84389,-73.757678,130,10263
zenbus:Route:602940001:LOC,45.844085,-73.757678,131,10285
zenbus:Route:602940001:LOC,45.844093,-73.757677,132,10286
zenbus:Route:602940001:LOC,45.844112,-73.757677,133,10288
zenbus:Route:602940001:LOC,45.844113,-73.757677,134,10288
zenbus:Route:602940001:LOC,45.844224,-73.757676,135,10300
zenbus:Route:602940001:LOC,45.844325,-73.757648,136,10312
zenbus:Route:602940001:LOC,45.844375,-73.757583,137,10319
zenbus:Route:602940001:LOC,45.844406,-73.757514,138,10326
zenbus:Route:602940001:LOC,45.844414,-73.757378,139,10336
zenbus:Route:602940001:LOC,45.8454,-73.757376,140,10446
zenbus:Route:602940001:LOC,45.846468,-73.75735,141,10565
zenbus:Route:602940001:LOC,45.847003,-73.757337,142,10624
zenbus:Route:602940001:LOC,45.847522,-73.757323,143,10682
zenbus:Route:602940001:LOC,45.847529,-73.757322,144,10683
zenbus:Route:602940001:LOC,45.847549,-73.757319,145,10685
zenbus:Route:602940001:LOC,45.847552,-73.757319,146,10685
zenbus:Route:602940001:LOC,45.848409,-73.757296,147,10781
zenbus:Route:602940001:LOC,45.849404,-73.757262,148,10891
zenbus:Route:602940001:LOC,45.849839,-73.757246,149,10940
zenbus:Route:602940001:LOC,45.85038,-73.757226,150,11000
zenbus:Route:602940001:LOC,45.850801,-73.757199,151,11047
zenbus:Route:602940001:LOC,45.851046,-73.757192,152,11074
zenbus:Route:602940001:LOC,45.851054,-73.757191,153,11075
zenbus:Route:602940001:LOC,45.851073,-73.75719,154,11077
zenbus:Route:602940001:LOC,45.851078,-73.75719,155,11077
zenbus:Route:602940001:LOC,45.851338,-73.757187,156,11106
zenbus:Route:602940001:LOC,45.851598,-73.757178,157,11135
zenbus:Route:602940001:LOC,45.851919,-73.757162,158,11171
zenbus:Route:602940001:LOC,45.852295,-73.75716,159,11213
zenbus:Route:602940001:LOC,45.853534,-73.757142,160,11351
zenbus:Route:602940001:LOC,45.854289,-73.757138,161,11435
zenbus:Route:602940001:LOC,45.854985,-73.757149,162,11512
zenbus:Route:602940001:LOC,45.854994,-73.757149,163,11513
zenbus:Route:602940001:LOC,45.854999,-73.75715,164,11514
zenbus:Route:602940001:LOC,45.855004,-73.75715,165,11514
zenbus:Route:602940001:LOC,45.855008,-73.75715,166,11515
zenbus:Route:602940001:LOC,45.855916,-73.757111,167,11616
zenbus:Route:602940001:LOC,45.856367,-73.757097,168,11666
zenbus:Route:602940001:LOC,45.856822,-73.75709,169,11716
zenbus:Route:602940001:LOC,45.857865,-73.757084,170,11832
zenbus:Route:602940001:LOC,45.858384,-73.757074,171,11890
zenbus:Route:602940001:LOC,45.858911,-73.757069,172,11949
zenbus:Route:602940001:LOC,45.859301,-73.757067,173,11992
zenbus:Route:602940001:LOC,45.859303,-73.757066,174,11992
zenbus:Route:602940001:LOC,45.859328,-73.757062,175,11995
zenbus:Route:602940001:LOC,45.859336,-73.757061,176,11996
zenbus:Route:602940001:LOC,45.859911,-73.757109,177,12060
zenbus:Route:602940001:LOC,45.860719,-73.757128,178,12150
zenbus:Route:602940001:LOC,45.861528,-73.757141,179,12240
zenbus:Route:602940001:LOC,45.862205,-73.757137,180,12315
zenbus:Route:602940001:LOC,45.862212,-73.757136,181,12316
zenbus:Route:602940001:LOC,45.862223,-73.757134,182,12317
zenbus:Route:602940001:LOC,45.862232,-73.757134,183,12318
zenbus:Route:602940001:LOC,45.864036,-73.757106,184,12519
zenbus:Route:602940001:LOC,45.86494,-73.757091,185,12619
zenbus:Route:602940001:LOC,45.865393,-73.757081,186,12670
zenbus:Route:602940001:LOC,45.865685,-73.757076,187,12702
zenbus:Route:602940001:LOC,45.865838,-73.757073,188,12719
zenbus:Route:602940001:LOC,45.865842,-73.757072,189,12720
zenbus:Route:602940001:LOC,45.865859,-73.757072,190,12721
zenbus:Route:602940001:LOC,45.866722,-73.757034,191,12817
zenbus:Route:602940001:LOC,45.867561,-73.757095,192,12911
zenbus:Route:602940001:LOC,45.870681,-73.757217,193,13258
zenbus:Route:602940001:LOC,45.878082,-73.757537,194,14081
zenbus:Route:602940001:LOC,45.878959,-73.757568,195,14179
zenbus:Route:602940001:LOC,45.880634,-73.757614,196,14365
zenbus:Route:602940001:LOC,45.886569,-73.757873,197,15025
zenbus:Route:602940001:LOC,45.887691,-73.757942,198,15150
zenbus:Route:602940001:LOC,45.888414,-73.757942,199,15231
zenbus:Route:587780007:LOC,45.721758,-73.705742,0,0
zenbus:Route:587780007:LOC,45.721771,-73.705718,1,2
zenbus:Route:587780007:LOC,45.72264,-73.704078,2,162
zenbus:Route:587780007:LOC,45.722961,-73.70346,3,222
zenbus:Route:587780007:LOC,45.723091,-73.703231,4,245
zenbus:Route:587780007:LOC,45.723251,-73.702972,5,272
zenbus:Route:587780007:LOC,45.723411,-73.702667,6,301
zenbus:Route:587780007:LOC,45.723529,-73.702438,7,323
zenbus:Route:587780007:LOC,45.723583,-73.702392,8,330
zenbus:Route:587780007:LOC,45.723667,-73.702133,9,353
zenbus:Route:587780007:LOC,45.723766,-73.701934,10,372
zenbus:Route:587780007:LOC,45.724288,-73.700897,11,471
zenbus:Route:587780007:LOC,45.724388,-73.70063,12,494
zenbus:Route:587780007:LOC,45.724475,-73.700363,13,517
zenbus:Route:587780007:LOC,45.724559,-73.700111,14,539
zenbus:Route:587780007:LOC,45.724628,-73.699844,15,561
zenbus:Route:587780007:LOC,45.724685,-73.699584,16,582
zenbus:Route:587780007:LOC,45.724739,-73.699325,17,603
zenbus:Route:587780007:LOC,45.724761,-73.699058,18,624
zenbus:Route:587780007:LOC,45.724807,-73.69857,19,662
zenbus:Route:587780007:LOC,45.724838,-73.698219,20,690
zenbus:Route:587780007:LOC,45.724838,-73.698059,21,702
zenbus:Route:587780007:LOC,45.724838,-73.697792,22,723
zenbus:Route:587780007:LOC,45.724819,-73.697509,23,745
zenbus:Route:587780007:LOC,45.7248,-73.697196,24,769
zenbus:Route:587780007:LOC,45.724731,-73.696662,25,811
zenbus:Route:587780007:LOC,45.724521,-73.694953,26,946
zenbus:Route:587780007:LOC,45.724361,-73.693641,27,1050
zenbus:Route:587780007:LOC,45.724197,-73.692337,28,1152
zenbus:Route:587780007:LOC,45.724163,-73.692054,29,1175
zenbus:Route:587780007:LOC,45.724151,-73.69181,30,1194
zenbus:Route:587780007:LOC,45.724143,-73.691627,31,1208
zenbus:Route:587780007:LOC,45.724143,-73.691406,32,1225
zenbus:Route:587780007:LOC,45.724151,-73.691223,33,1239
zenbus:Route:587780007:LOC,45.724178,-73.691024,34,1255
zenbus:Route:587780007:LOC,45.724201,-73.690895,35,1265
zenbus:Route:587780007:LOC,45.724296,-73.690536,36,1295
zenbus:Route:587780007:LOC,45.724479,-73.690048,37,1338
zenbus:Route:587780007:LOC,45.724578,-73.689819,38,1359
zenbus:Route:587780007:LOC,45.724681,-73.68959,39,1380
zenbus:Route:587780007:LOC,45.72483,-73.689292,40,1409
zenbus:Route:587780007:LOC,45.725437,-73.68811,41,1523
zenbus:Route:587780007:LOC,45.7261,-73.686851,42,1645
zenbus:Route:587780007:LOC,45.726528,-73.685997,43,1727
zenbus:Route:587780007:LOC,45.726669,-73.685714,44,1754
zenbus:Route:587780007:LOC,45.72681,-73.685409,45,1782
zenbus:Route:587780007:LOC,45.726947,-73.685104,46,1810
zenbus:Route:587780007:LOC,45.727077,-73.684776,47,1839
zenbus:Route:587780007:LOC,45.727409,-73.683929,48,1915
zenbus:Route:587780007:LOC,45.727989,-73.682342,49,2054
zenbus:Route:587780007:LOC,45.728271,-73.681571,50,2121
zenbus:Route:587780007:LOC,45.728359,-73.681327,51,2143
zenbus:Route:587780007:LOC,45.728557,-73.680847,52,2186
zenbus:Route:587780007:LOC,45.728702,-73.680496,53,2218
zenbus:Route:587780007:LOC,45.729106,-73.679649,54,2297
zenbus:Route:587780007:LOC,45.729255,-73.679313,55,2328
zenbus:Route:587780007:LOC,45.729389,-73.678985,56,2358
zenbus:Route:587780007:LOC,45.729541,-73.678565,57,2394
zenbus:Route:587780007:LOC,45.729782,-73.677871,58,2455
zenbus:Route:587780007:LOC,45.729835,-73.677711,59,2468
zenbus:Route:587780007:LOC,45.729988,-73.677192,60,2512
zenbus:Route:587780007:LOC,45.730072,-73.676986,61,2531
zenbus:Route:587780007:LOC,45.730121,-73.676856,62,2542
zenbus:Route:587780007:LOC,45.730289,-73.676536,63,2573
zenbus:Route:587780007:LOC,45.730648,-73.676101,64,2625
zenbus:Route:587780007:LOC,45.73101,-73.675666,65,2678
zenbus:Route:587780007:LOC,45.73109,-73.675582,66,2689
zenbus:Route:587780007:LOC,45.731819,-73.676666,67,2806
zenbus:Route:587780007:LOC,45.73217,-73.677177,68,2861
zenbus:Route:587780007:LOC,45.73347,-73.6791,69,3069
zenbus:Route:587780007:LOC,45.733978,-73.679862,70,3151
zenbus:Route:587780007:LOC,45.734909,-73.681152,71,3295
zenbus:Route:587780007:LOC,45.73598,-73.682746,72,3467
zenbus:Route:587780007:LOC,45.736801,-73.683998,73,3600
zenbus:Route:587780007:LOC,45.738121,-73.685958,74,3811
zenbus:Route:587780007:LOC,45.742168,-73.69207,75,4465
zenbus:Route:587780007:LOC,45.743698,-73.694427,76,4715
zenbus:Route:587780007:LOC,45.743759,-73.694618,77,4731
zenbus:Route:587780007:LOC,45.743808,-73.694709,78,4740
zenbus:Route:587780007:LOC,45.744239,-73.695358,79,4810
zenbus:Route:587780007:LOC,45.74493,-73.696388,80,4921
zenbus:Route:587780007:LOC,45.746589,-73.698867,81,5187
zenbus:Route:587780007:LOC,45.746681,-73.699012,82,5202
zenbus:Route:587780007:LOC,45.74678,-73.699043,83,5214
zenbus:Route:587780007:LOC,45.747398,-73.699951,84,5312
zenbus:Route:587780007:LOC,45.74773,-73.700447,85,5365
zenbus:Route:587780007:LOC,45.748199,-73.701148,86,5441
zenbus:Route:587780007:LOC,45.748649,-73.701828,87,5514
zenbus:Route:587780007:LOC,45.749,-73.702362,88,5570
zenbus:Route:587780007:LOC,45.749031,-73.702468,89,5579
zenbus:Route:587780007:LOC,45.749221,-73.702758,90,5610
zenbus:Route:587780007:LOC,45.749961,-73.703849,91,5728
zenbus:Route:587780007:LOC,45.751659,-73.706428,92,6003
zenbus:Route:587780007:LOC,45.75373,-73.709518,93,6336
zenbus:Route:587780007:LOC,45.755111,-73.711547,94,6556
zenbus:Route:587780007:LOC,45.755901,-73.712738,95,6683
zenbus:Route:587780007:LOC,45.757038,-73.714439,96,6866
zenbus:Route:587780007:LOC,45.760459,-73.719566,97,7416
zenbus:Route:587780007:LOC,45.764068,-73.72499,98,7998
zenbus:Route:587780007:LOC,45.764541,-73.724731,99,8054
zenbus:Route:587780007:LOC,45.764713,-73.725013,100,8083
zenbus:Route:587780007:LOC,45.764983,-73.72546,101,8129
zenbus:Route:587780007:LOC,45.764989,-73.725469,102,8130
zenbus:Route:587780007:LOC,45.764983,-73.725459,103,8131
zenbus:Route:587780007:LOC,45.764989,-73.725469,104,8132
zenbus:Route:587780007:LOC,45.764983,-73.725459,105,8133
zenbus:Route:587780007:LOC,45.764989,-73.725469,106,8134
zenbus:Route:587780007:LOC,45.764983,-73.725459,107,8135
zenbus:Route:587780007:LOC,45.764989,-73.725469,108,8136
zenbus:Route:587780007:LOC,45.764983,-73.725459,109,8137
zenbus:Route:587780007:LOC,45.764989,-73.725469,110,8138
zenbus:Route:587780007:LOC,45.764983,-73.725459,111,8139
zenbus:Route:587780007:LOC,45.764989,-73.725469,112,8140
zenbus:Route:587780007:LOC,45.764983,-73.725459,113,8141
zenbus:Route:587780007:LOC,45.764989,-73.725469,114,8142
zenbus:Route:587780007:LOC,45.764983,-73.725459,115,8143
zenbus:Route:587780007:LOC,45.764989,-73.725469,116,8144
zenbus:Route:587780007:LOC,45.764983,-73.725459,117,8145
zenbus:Route:587780007:LOC,45.764989,-73.725469,118,8146
zenbus:Route:587780007:LOC,45.764983,-73.725459,119,8147
zenbus:Route:587780007:LOC,45.764989,-73.725469,120,8148
zenbus:Route:587780007:LOC,45.764983,-73.725459,121,8149
zenbus:Route:587780007:LOC,45.764989,-73.725469,122,8150
zenbus:Route:587780007:LOC,45.764983,-73.725459,123,8151
zenbus:Route:587780007:LOC,45.764989,-73.725469,124,8152
zenbus:Route:587780007:LOC,45.764983,-73.725459,125,8154
zenbus:Route:587780007:LOC,45.764989,-73.725469,126,8155
zenbus:Route:587780007:LOC,45.765029,-73.725525,127,8161
zenbus:Route:587780007:LOC,45.765261,-73.725754,128,8192
zenbus:Route:587780007:LOC,45.765465,-73.725967,129,8220
zenbus:Route:587780007:LOC,45.76547,-73.726033,130,8225
zenbus:Route:587780007:LOC,45.765454,-73.726104,131,8231
zenbus:Route:587780007:LOC,45.765232,-73.726441,132,8267
zenbus:Route:587780007:LOC,45.765161,-73.726583,133,8281
zenbus:Route:587780007:LOC,45.765389,-73.726934,134,8318
zenbus:Route:587780007:LOC,45.76614,-73.72807,135,8439
zenbus:Route:587780007:LOC,45.76693,-73.72926,136,8567
zenbus:Route:587780007:LOC,45.769907,-73.733735,137,9046
zenbus:Route:587780007:LOC,45.770818,-73.735101,138,9193
zenbus:Route:587780007:LOC,45.771273,-73.735781,139,9266
zenbus:Route:587780007:LOC,45.771739,-73.736478,140,9341
zenbus:Route:587780007:LOC,45.772754,-73.738001,141,9504
zenbus:Route:587780007:LOC,45.773263,-73.738765,142,9586
zenbus:Route:587780007:LOC,45.773518,-73.739148,143,9627
zenbus:Route:587780007:LOC,45.773781,-73.739536,144,9669
zenbus:Route:587780007:LOC,45.77496,-73.741324,145,9860
zenbus:Route:587780007:LOC,45.775559,-73.742225,146,9957
zenbus:Route:587780007:LOC,45.776152,-73.743122,147,10052
zenbus:Route:587780007:LOC,45.776974,-73.744357,148,10185
zenbus:Route:587780007:LOC,45.777387,-73.744981,149,10251
zenbus:Route:587780007:LOC,45.777799,-73.745606,150,10318
zenbus:Route:587780007:LOC,45.77841,-73.746527,151,10417
zenbus:Route:587780007:LOC,45.779229,-73.747749,152,10548
zenbus:Route:587780007:LOC,45.782608,-73.752804,153,11091
zenbus:Route:587780007:LOC,45.785995,-73.757885,154,11636
zenbus:Route:587780007:LOC,45.788866,-73.762197,155,12099
zenbus:Route:587780007:LOC,45.788875,-73.762216,156,12100
zenbus:Route:587780007:LOC,45.788876,-73.762216,157,12100
zenbus:Route:587780007:LOC,45.788877,-73.762217,158,12101
zenbus:Route:587780007:LOC,45.788878,-73.762218,159,12101
zenbus:Route:587780007:LOC,45.788879,-73.762219,160,12101
zenbus:Route:587780007:LOC,45.78888,-73.76222,161,12101
zenbus:Route:587780007:LOC,45.79057,-73.76476,162,12373
zenbus:Route:587780007:LOC,45.79107,-73.76549,163,12452
zenbus:Route:587780007:LOC,45.79111,-73.76555,164,12459
zenbus:Route:587780007:LOC,45.79118,-73.76559,165,12467
zenbus:Route:587780007:LOC,45.79126,-73.76563,166,12477
zenbus:Route:587780007:LOC,45.79133,-73.76566,167,12485
zenbus:Route:587780007:LOC,45.79148,-73.76567,168,12502
zenbus:Route:587780007:LOC,45.79164,-73.76565,169,12519
zenbus:Route:587780007:LOC,45.79186,-73.76554,170,12545
zenbus:Route:587780007:LOC,45.79241,-73.76531,171,12609
zenbus:Route:587780007:LOC,45.79272,-73.76522,172,12644
zenbus:Route:587780007:LOC,45.7968,-73.76455,173,13101
zenbus:Route:587780007:LOC,45.80061,-73.76393,174,13527
zenbus:Route:587780007:LOC,45.81491,-73.76161,175,15127
zenbus:Route:587780007:LOC,45.816486,-73.76135,176,15304
zenbus:Route:587780007:LOC,45.816486,-73.761316,177,15306
zenbus:Route:587780007:LOC,45.816489,-73.761306,178,15307
zenbus:Route:587780007:LOC,45.81649,-73.761304,179,15307
zenbus:Route:587780007:LOC,45.816719,-73.76126,180,15333
zenbus:Route:587780007:LOC,45.818531,-73.761016,181,15536
zenbus:Route:587780007:LOC,45.818878,-73.76094,182,15575
zenbus:Route:587780007:LOC,45.819351,-73.760887,183,15627
zenbus:Route:587780007:LOC,45.81974,-73.760841,184,15671
zenbus:Route:587780007:LOC,45.820739,-73.760688,185,15782
zenbus:Route:587780007:LOC,45.82159,-73.76052,186,15878
zenbus:Route:587780007:LOC,45.821717,-73.760491,187,15892
zenbus:Route:587780007:LOC,45.821719,-73.76049,188,15893
zenbus:Route:587780007:LOC,45.82172,-73.76049,189,15893
zenbus:Route:587780007:LOC,45.822296,-73.760383,190,15957
zenbus:Route:587780007:LOC,45.822746,-73.760337,191,16007
zenbus:Route:587780007:LOC,45.823417,-73.760231,192,16082
zenbus:Route:587780007:LOC,45.824199,-73.760108,193,16170
zenbus:Route:587780007:LOC,45.826751,-73.759696,194,16455
zenbus:Route:587780007:LOC,45.826892,-73.759668,195,16471
zenbus:Route:587780007:LOC,45.826894,-73.759667,196,16472
zenbus:Route:587780007:LOC,45.82931,-73.75928,197,16742
zenbus:Route:587780007:LOC,45.82978,-73.7592,198,16794
zenbus:Route:587780007:LOC,45.829902,-73.7592,199,16808
zenbus:Route:587780007:LOC,45.829906,-73.759138,200,16813
zenbus:Route:587780007:LOC,45.829906,-73.759137,201,16813
zenbus:Route:587780007:LOC,45.829909,-73.759135,202,16813
zenbus:Route:587780007:LOC,45.829913,-73.759132,203,16814
zenbus:Route:587780007:LOC,45.829914,-73.759132,204,16814
zenbus:Route:587780007:LOC,45.830207,-73.759078,205,16847
zenbus:Route:587780007:LOC,45.831241,-73.759002,206,16962
zenbus:Route:587780007:LOC,45.832008,-73.758926,207,17047
zenbus:Route:587780007:LOC,45.832767,-73.758819,208,17132
zenbus:Route:587780007:LOC,45.834358,-73.758598,209,17310
zenbus:Route:587780007:LOC,45.835128,-73.758453,210,17396
zenbus:Route:587780007:LOC,45.835307,-73.758425,211,17416
zenbus:Route:587780007:LOC,45.835309,-73.758424,212,17417
zenbus:Route:587780007:LOC,45.83882,-73.757876,213,17809
zenbus:Route:587780007:LOC,45.838838,-73.75787,214,17811
zenbus:Route:587780007:LOC,45.840621,-73.757586,215,18011
zenbus:Route:587780007:LOC,45.84112,-73.75753,216,18066
zenbus:Route:587780007:LOC,45.841491,-73.757484,217,18108
zenbus:Route:587780007:LOC,45.84187,-73.75747,218,18150
zenbus:Route:587780007:LOC,45.843766,-73.757356,219,18361
zenbus:Route:587780007:LOC,45.843789,-73.757525,220,18374
zenbus:Route:587780007:LOC,45.843844,-73.757647,221,18386
zenbus:Route:587780007:LOC,45.84389,-73.757678,222,18391
zenbus:Route:587780007:LOC,45.844093,-73.757677,223,18414
zenbus:Route:587780007:LOC,45.844113,-73.757677,224,18416
zenbus:Route:587780007:LOC,45.844224,-73.757676,225,18428
zenbus:Route:587780007:LOC,45.844325,-73.757648,226,18440
zenbus:Route:587780007:LOC,45.844375,-73.757583,227,18447
zenbus:Route:587780007:LOC,45.844406,-73.757514,228,18454
zenbus:Route:587780007:LOC,45.844414,-73.757378,229,18464
zenbus:Route:587780007:LOC,45.8454,-73.757376,230,18574
zenbus:Route:587780007:LOC,45.846468,-73.75735,231,18693
zenbus:Route:587780007:LOC,45.847003,-73.757337,232,18752
zenbus:Route:587780007:LOC,45.847529,-73.757322,233,18811
zenbus:Route:587780007:LOC,45.847552,-73.757319,234,18813
zenbus:Route:587780007:LOC,45.848409,-73.757296,235,18909
zenbus:Route:587780007:LOC,45.849404,-73.757262,236,19019
zenbus:Route:587780007:LOC,45.849839,-73.757246,237,19068
zenbus:Route:587780007:LOC,45.85038,-73.757226,238,19128
zenbus:Route:587780007:LOC,45.850801,-73.757199,239,19175
zenbus:Route:587780007:LOC,45.851054,-73.757191,240,19203
zenbus:Route:587780007:LOC,45.851078,-73.75719,241,19205
zenbus:Route:587780007:LOC,45.851338,-73.757187,242,19234
zenbus:Route:587780007:LOC,45.851598,-73.757178,243,19263
zenbus:Route:587780007:LOC,45.851919,-73.757162,244,19299
zenbus:Route:587780007:LOC,45.852295,-73.75716,245,19341
zenbus:Route:587780007:LOC,45.853534,-73.757142,246,19479
zenbus:Route:587780007:LOC,45.854289,-73.757138,247,19563
zenbus:Route:587780007:LOC,45.854999,-73.75715,248,19641
zenbus:Route:587780007:LOC,45.855004,-73.75715,249,19642
zenbus:Route:587780007:LOC,45.855008,-73.75715,250,19642
zenbus:Route:587780007:LOC,45.855916,-73.757111,251,19744
zenbus:Route:587780007:LOC,45.856367,-73.757097,252,19794
zenbus:Route:587780007:LOC,45.856822,-73.75709,253,19844
zenbus:Route:587780007:LOC,45.857865,-73.757084,254,19960
zenbus:Route:587780007:LOC,45.858384,-73.757074,255,20018
zenbus:Route:587780007:LOC,45.858911,-73.757069,256,20077
zenbus:Route:587780007:LOC,45.859303,-73.757066,257,20120
zenbus:Route:587780007:LOC,45.859336,-73.757061,258,20124
zenbus:Route:587780007:LOC,45.859911,-73.757109,259,20188
zenbus:Route:587780007:LOC,45.860719,-73.757128,260,20278
zenbus:Route:587780007:LOC,45.861528,-73.757141,261,20368
zenbus:Route:587780007:LOC,45.862212,-73.757136,262,20444
zenbus:Route:587780007:LOC,45.862232,-73.757134,263,20446
zenbus:Route:587780007:LOC,45.864036,-73.757106,264,20647
zenbus:Route:587780007:LOC,45.86494,-73.757091,265,20747
zenbus:Route:587780007:LOC,45.865393,-73.757081,266,20798
zenbus:Route:587780007:LOC,45.865827,-73.757074,267,20846
zenbus:Route:587780007:LOC,45.865842,-73.757072,268,20847
zenbus:Route:587780007:LOC,45.865859,-73.757072,269,20849
zenbus:Route:587780007:LOC,45.866722,-73.757034,270,20945
zenbus:Route:587780007:LOC,45.867561,-73.757095,271,21039
zenbus:Route:587780007:LOC,45.870681,-73.757217,272,21386
zenbus:Route:587780007:LOC,45.878082,-73.757537,273,22209
zenbus:Route:587780007:LOC,45.878959,-73.757568,274,22307
zenbus:Route:587780007:LOC,45.880634,-73.757614,275,22493
zenbus:Route:587780007:LOC,45.886569,-73.757873,276,23153
zenbus:Route:587780007:LOC,45.887691,-73.757942,277,23278
zenbus:Route:587780007:LOC,45.888414,-73.757942,278,23358